tensor([[[[ 3.7434e+00,  3.8085e+00,  3.9329e+00,  ...,  3.7975e+00,
            3.6732e+00,  3.6081e+00],
          [ 3.8031e+00,  3.8729e+00,  4.0062e+00,  ...,  3.8642e+00,
            3.7323e+00,  3.6632e+00],
          [ 3.9174e+00,  3.9960e+00,  4.1463e+00,  ...,  3.9915e+00,
            3.8452e+00,  3.7687e+00],
          ...,
          [ 3.8860e+00,  3.9612e+00,  4.1049e+00,  ...,  3.9921e+00,
            3.8504e+00,  3.7762e+00],
          [ 3.7279e+00,  3.7890e+00,  3.9058e+00,  ...,  3.8097e+00,
            3.6962e+00,  3.6368e+00],
          [ 3.6451e+00,  3.6989e+00,  3.8016e+00,  ...,  3.7143e+00,
            3.6156e+00,  3.5639e+00]],

         [[-3.8860e+00, -3.9293e+00, -4.0118e+00,  ..., -3.9193e+00,
           -3.8411e+00, -3.8002e+00],
          [-3.9161e+00, -3.9641e+00, -4.0556e+00,  ..., -3.9589e+00,
           -3.8752e+00, -3.8314e+00],
          [-3.9736e+00, -4.0305e+00, -4.1393e+00,  ..., -4.0345e+00,
           -3.9403e+00, -3.8910e+00],
          ...,
          [-3.9177e+00, -3.9710e+00, -4.0728e+00,  ..., -4.0197e+00,
           -3.9345e+00, -3.8898e+00],
          [-3.8155e+00, -3.8546e+00, -3.9295e+00,  ..., -3.8956e+00,
           -3.8421e+00, -3.8142e+00],
          [-3.7619e+00, -3.7937e+00, -3.8544e+00,  ..., -3.8306e+00,
           -3.7938e+00, -3.7746e+00]],

         [[-4.3870e+00, -4.4296e+00, -4.5112e+00,  ..., -4.3774e+00,
           -4.2929e+00, -4.2487e+00],
          [-4.4106e+00, -4.4550e+00, -4.5399e+00,  ..., -4.3998e+00,
           -4.3194e+00, -4.2773e+00],
          [-4.4559e+00, -4.5036e+00, -4.5947e+00,  ..., -4.4425e+00,
           -4.3700e+00, -4.3321e+00],
          ...,
          [-4.4674e+00, -4.5207e+00, -4.6224e+00,  ..., -4.4813e+00,
           -4.4041e+00, -4.3638e+00],
          [-4.3579e+00, -4.4022e+00, -4.4869e+00,  ..., -4.3687e+00,
           -4.3070e+00, -4.2747e+00],
          [-4.3005e+00, -4.3402e+00, -4.4159e+00,  ..., -4.3098e+00,
           -4.2561e+00, -4.2280e+00]]]], device='cuda:0')
